80
00100
02120
02021
01020
20100
01000
00210
00202
00202
10000
10000
00210
01002
00010
01200
21000
00102
01000
00100
20100
00010
10000
02100
01000
00001
01002
12220
12220
10000
01002
10200
00020
00010
10000
00010
00210
00100
02002
00001
00100
00210
00001
00000
00001
22212
10202
20210
02000
20000
00220
00001
00001
01000
00010
00012
02210
00100
20010
01000
12200
02120
00020
01000
00021
00001
00010
00020
10220
12000
00100
02010
00102
00100
01000
20012
21200
00001
02001
20010
00210
00201
00201
00201
10000
00002
01000
00100