80
02012
02020
10020
00010
00012
10000
01200
00010
00102
12000
01002
00010
00001
20001
02010
20100
01000
00001
01202
20000
00002
10002
20120
10000
00210
02100
10002
10000
12000
10022
00010
00010
00022
20012
00100
10000
02021
01000
21200
00221
00001
01002
20100
01020
00102
20001
01020
00021
10000
01000
10000
00100
00000
02000
00010
01002
02021
00010
00000
02201
00021
00010
00000
10000
01002
00221
10000
02100
00000
22000
00001
10020
00000
00010
10202
02210
01000
01000
20010
00000
00000
00100
20012
01020
00001
02001
00100
00120
02010
00021