100
01000
10020
00001
10200
20200
01020
02221
22021
00100
22102
10000
00201
00221
22122
21002
00001
00000
00012
02012
01002
01020
12000
12000
01200
10000
01002
00021
20201
12002
10000
00200
00022
10202
21000
00010
02012
00102
01200
02021
02201
10020
01000
00012
20102
01000
00010
02210
00200
20022
22020
00212
02010
20100
01220
10202
20122
02000
20010
02020
20010
10200
01000
10000
20012
00201
00012
10000
20210
00100
00001
01000
00100
00002
01002
02021
22012
22120
01200
10222
00210
01200
00021
21020
00120
00100
10002
02102
02000
01002
00010