80
00100
01202
02012
00100
02010
01000
10000
00000
00001
00201
00220
01000
12000
00010
00100
20010
21000
00000
02120
10000
00122
00002
10000
00210
00100
10020
01000
10000
00210
01000
00200
00100
00010
00201
12200
01000
02120
02001
00000
00000
00000
00102
00120
20201
21002
02100
00100
00001
00010
00001
00102
21000
00000
21200
10000
00100
20000
02012
00100
00000
22210
22001
01202
02100
10000
02122
00000
12020
12000
22021
21200
10000
00100
00020
10000
00001
02122
00020
10000
00000
22001
00010
00212
00100
00201
10022
20100
00010
01000
12000