80
10000
10002
00100
00021
20100
02001
00100
20020
10000
10002
22010
00012
00221
00000
01200
00001
21020
10000
21200
10200
00100
20100
01000
00001
20212
00000
02100
02100
00010
00120
00001
00010
12002
00012
10000
01200
00001
00120
00200
20001
00120
00120
20001
00001
00001
10000
01020
00001
01000
00102
02000
10000
02012
10000
22010
00002
01000
02001
21000
02022
00010
00100
10200
10020
02010
02201
01200
00210
00201
00001
00210
10002
10000
20000
22102
00020
01000
10000
12002
01000
00000
02000
20010
01200
00001
01000
02012
00021
10020
00001